((("2048" .
   [1 0 0 0])
  ("implode" .
   [1 0 0 0 0 0 0])
  ("$forbidden_file_exts" .
   [0 0 0 0 2 0 0 0 0 0 0 0 0 0 0 0 0 0 0 0])
  ("array" .
   [1 0 0 0 0])
  ("true" .
   [1 0 0 0])
  ("isset" .
   [1 0 0 0 0])
  ("$path_info" .
   [0 0 0 0 1 6 0 0 0 0])
  ("pathinfo" .
   [0 0 0 0 1 0 0 0])
  ("$file" .
   [1 0 0 0 0])
  ("$checker" .
   [4 0 0 0 0 0 0 0])
  ("restore_subscript" .
   [0 0 0 0 1 0 0 0 0 0 0 0 0 0 0 0 0])
  ("self" .
   [3 0 0 0])
  ("json_result" .
   [0 0 0 0 1 0 0 1 0 0 0])
  ("false" .
   [2 0 0 0 0])
  ("debug" .
   [12 0 0 0 0])
  ("dump" .
   [10 0 0 0])
  ("$file_list" .
   [1 0 0 0 0 0 0 0 0 0])
  ("$key" .
   [7 0 0 0])
  ("$sql" .
   [4 0 0 0])
  ("$params" .
   [2 0 0 0 0 0 0])
  ("_db_handler" .
   [0 0 0 1 0 0 0 0 0 0 0])
  ("execute" .
   [0 0 0 1 0 0 0])
  ("catch" .
   [1 0 0 0 0])
  ("remote_except" .
   [0 0 0 0 0 0 0 0 0 1 0 0 0])
  ("$exception" .
   [0 0 0 0 0 2 0 0 0 0])
  ("return" .
   [1 0 0 0 0 0])
  ("$this" .
   [2 0 0 0 0])
  ("_on_except" .
   [0 0 0 0 0 1 0 0 0 0])
  ("echo" .
   [1 0 0 0])
  ("$folder_id" .
   [1 0 0 0 0 0 0 1 0 0])
  ("visitor" .
   [0 0 0 0 1 0 0])
  ("set" .
   [1 0 0])
  ("set_content_type" .
   [0 0 0 0 0 0 0 0 0 0 0 0 0 0 0 1])
  ("set_content" .
   [1 0 0 0 0 0 0 0 0 0 0])
  ("$reasons" .
   [1 0 0 0 0 0 0 0])
  ("config_service" .
   [1 0 0 0 0 0 0 0 0 0 0 0 0 1])
  ("get_my_account" .
   [0 0 0 0 0 0 0 0 0 0 2 0 0 0])
  ("$user_level" .
   [1 0 0 0 0 1 0 0 0 0 0])
  ("get_my_uid" .
   [1 0 0 0 0 0 0 0 0 0])
  ("2" .
   [1])
  ("user_service" .
   [0 0 0 0 0 0 0 0 1 0 0 0])
  ("$space_info" .
   [0 0 0 0 0 0 3 0 0 1 0])
  ("netdisk_service" .
   [0 0 0 0 0 0 0 0 0 0 0 0 0 0 1])
  ("get_space_info" .
   [0 0 0 0 0 0 0 1 0 0 0 0 0 0])
  ("$space_info_in_bytes" .
   [0 0 0 0 0 0 0 0 0 0 0 0 1 0 0 0 0 0 0 0])
  ("p_int" .
   [1 0 0 0 0])
  ("$current_folder_id" .
   [0 0 0 0 0 1 0 1 0 0 0 0 0 0 0 0 0 0])
  ("$new_folder_id" .
   [0 0 0 0 0 0 1 0 0 0 0 1 0 0])
  ("foreach" .
   [2 0 0 0 0 0 0])
  ("$folder_list" .
   [1 0 0 0 0 0 0 0 0 0 3 1])
  ("$value" .
   [4 0 0 0 0 0])
  ("i" .
   [1])
  ("1024" .
   [8 0 0 0])
  ("continue" .
   [0 0 0 0 0 1 0 0])
  ("while" .
   [1 0 0 0 0])
  ("do" .
   [1 0])
  ("s/" .
   [1 0])
  ("temp" .
   [2 0 0 0])
  ("rm" .
   [1 0])
  ("-f" .
   [1 0])
  ("mv" .
   [1 0])
  ("shift" .
   [1 0 0 0 0])
  ("done" .
   [1 0 0 0])))
